0.005862236022949219 0 0
0.012476682662963867 0 0
0.017905235290527344 0 0
0.025359392166137695 0 2
0.0321199893951416 1 7
0.03734135627746582 1 7
0.04353928565979004 1 14
0.05004429817199707 2 33
0.05538511276245117 2 78
0.06193184852600098 3 78
0.06719207763671875 4 84
0.08103704452514648 5 89
0.0866096019744873 6 106
0.0930776596069336 7 112
0.09891676902770996 7 120
0.10494232177734375 8 123
0.11126446723937988 9 125
0.11683988571166992 10 132
0.12407064437866211 11 134
0.13055944442749023 11 138
0.1359238624572754 13 141
0.14246892929077148 13 141
0.14793610572814941 15 146
0.15413188934326172 15 146
0.1607346534729004 16 146
0.16623330116271973 17 147
0.17256784439086914 18 151
0.1798725128173828 19 155
0.18519353866577148 20 158
0.1914222240447998 21 157
0.19696974754333496 22 158
0.20331788063049316 23 159
0.20954346656799316 24 155
0.21512866020202637 25 157
0.22141456604003906 26 160
0.22800207138061523 27 159
0.23422861099243164 27 164
0.24071693420410156 29 162
0.24619150161743164 30 161
0.2525017261505127 31 164
0.25797009468078613 32 161
0.26431989669799805 33 163
0.2707798480987549 34 163
0.2771492004394531 35 161
0.28334784507751465 36 165
0.2895500659942627 37 163
0.29532861709594727 38 163
0.30193066596984863 39 165
0.3072168827056885 39 161
0.3133964538574219 41 163
0.319854736328125 42 165
0.32655978202819824 43 162
0.332808256149292 44 167
0.33826756477355957 45 166
0.34440064430236816 45 162
0.3508157730102539 47 168
0.3564138412475586 48 162
0.36257433891296387 49 164
0.36806511878967285 50 168
0.37422919273376465 51 166
0.3819143772125244 52 168
0.387157678604126 53 167
0.39333510398864746 54 165
0.39977002143859863 55 166
0.4051389694213867 56 162
0.41142773628234863 57 163
0.41703271865844727 58 164
0.4233894348144531 59 163
0.4308314323425293 60 167
0.4364175796508789 61 166
0.44273996353149414 62 164
0.4481832981109619 63 165
0.45435380935668945 64 162
0.4608149528503418 65 162
0.46637701988220215 67 166
0.47989797592163086 68 167
0.48541998863220215 69 164
0.49219584465026855 70 163
0.49743008613586426 71 167
0.5041244029998779 72 165
0.5105743408203125 73 166
0.5160748958587646 75 169
0.5223851203918457 75 166
0.5278549194335938 77 166
0.5347647666931152 77 164
0.5412039756774902 79 161
0.5467967987060547 79 166
0.5531587600708008 81 167
0.5593259334564209 81 167
0.5651581287384033 83 170
0.5714221000671387 83 166
0.5770213603973389 85 162
0.5841381549835205 85 165
0.5905916690826416 87 162
0.5960872173309326 88 165
0.6023509502410889 89 167
0.6078016757965088 89 163
0.6139905452728271 90 165
0.620570182800293 91 164
0.6260697841644287 93 162
0.6331131458282471 94 166
0.6389601230621338 95 166
0.6447415351867676 95 165
0.6511857509613037 97 169
0.6567866802215576 98 166
0.6629695892333984 99 166
0.6684572696685791 100 169
0.6746275424957275 101 164
0.6823713779449463 102 166
0.6878836154937744 103 165
0.6940689086914062 103 162
0.7006018161773682 105 167
0.7060539722442627 106 163
0.7123255729675293 107 163
0.7175517082214355 107 167
0.7239789962768555 109 163
0.7304301261901855 110 166
0.7368125915527344 111 166
0.7431519031524658 112 162
0.7489736080169678 113 164
0.7547714710235596 114 164
0.7611875534057617 115 163
0.7667665481567383 116 167
0.7729449272155762 117 166
0.7783915996551514 118 164
0.7858576774597168 119 165
0.7922637462615967 120 166
0.7974982261657715 121 166
0.8041036128997803 122 169
0.8107190132141113 123 168
0.8162012100219727 124 164
0.8225207328796387 125 165
0.8279969692230225 126 161
0.8351361751556396 127 168
0.8414368629455566 128 165
0.8470268249511719 129 164
0.8532013893127441 130 168
0.8594279289245605 131 163
0.8651700019836426 132 165
0.8764603137969971 134 162
0.8835268020629883 135 168
0.8911163806915283 137 166
0.8967595100402832 137 164
0.9030976295471191 139 166
0.908951997756958 139 163
0.9147343635559082 140 162
0.9223504066467285 141 166
0.9277853965759277 142 165
0.9339852333068848 143 162
0.9414141178131104 145 166
0.946998119354248 146 166
0.9532260894775391 147 164
0.9594941139221191 148 170
0.9650211334228516 149 166
0.9713547229766846 149 164
0.9769091606140137 151 168
0.9832885265350342 151 160
0.990734338760376 153 162
0.9962012767791748 154 164
1.0025279521942139 155 162
