0.005501985549926758 0 0
0.012319326400756836 0 0
0.01851940155029297 0 -2
0.024999618530273438 0 -2
0.031623125076293945 -1 -7
0.037247657775878906 -1 -16
0.04343295097351074 -1 -16
0.04971003532409668 -1 -35
0.05520272254943848 -2 -56
0.06735444068908691 -3 -78
0.07476472854614258 -4 -96
0.08145332336425781 -5 -89
0.08705711364746094 -5 -89
0.09337449073791504 -6 -103
0.09961533546447754 -7 -111
0.10515379905700684 -7 -115
0.11150169372558594 -9 -121
0.11718153953552246 -9 -123
0.1243293285369873 -10 -126
0.13083577156066895 -11 -129
0.13632440567016602 -12 -136
0.1428089141845703 -13 -136
0.14827919006347656 -14 -141
0.15449881553649902 -14 -144
0.16111135482788086 -15 -144
0.1667320728302002 -16 -145
0.17361235618591309 -17 -146
0.18007349967956543 -18 -145
0.1854398250579834 -19 -148
0.19169044494628906 -20 -150
0.19731998443603516 -21 -148
0.2037353515625 -22 -154
0.21023917198181152 -23 -150
0.2156205177307129 -23 -150
0.2230682373046875 -25 -155
0.22856473922729492 -26 -151
0.23481011390686035 -27 -153
0.24120545387268066 -27 -153
0.24680399894714355 -29 -150
0.2529921531677246 -29 -149
0.25848865509033203 -30 -153
0.2648310661315918 -31 -152
0.2712724208831787 -32 -157
0.2776498794555664 -33 -157
0.2840614318847656 -34 -152
0.29070210456848145 -35 -156
0.2961277961730957 -36 -153
0.3025684356689453 -37 -151
0.30801868438720703 -38 -157
0.31421780586242676 -39 -154
0.3208291530609131 -40 -155
0.3271639347076416 -41 -160
0.3333611488342285 -42 -156
0.33919692039489746 -43 -158
0.344987154006958 -44 -158
0.3514530658721924 -45 -155
0.3570282459259033 -45 -160
0.36319398880004883 -47 -159
0.3686528205871582 -47 -155
0.37610936164855957 -49 -158
0.38266873359680176 -49 -158
0.38814806938171387 -51 -152
0.39432311058044434 -51 -152
0.40079832077026367 -52 -155
0.4063382148742676 -53 -155
0.41263318061828613 -54 -160
0.41811680793762207 -55 -158
0.42548584938049316 -56 -155
0.4320094585418701 -57 -156
0.4373898506164551 -58 -153
0.4437432289123535 -59 -153
0.45020413398742676 -60 -162
0.4555799961090088 -61 -155
0.46630001068115234 -63 -159
0.47499728202819824 -64 -153
0.481647253036499 -65 -158
0.48729920387268066 -66 -158
0.49367451667785645 -67 -158
0.5001726150512695 -68 -160
0.5057260990142822 -69 -160
0.5123574733734131 -70 -156
0.5176465511322021 -71 -157
0.5240659713745117 -72 -156
0.5313191413879395 -73 -154
0.5369493961334229 -74 -157
0.5431740283966064 -75 -157
0.5486204624176025 -76 -157
0.554999828338623 -77 -157
0.5615947246551514 -77 -155
0.5671989917755127 -79 -155
0.5734541416168213 -79 -156
0.5809078216552734 -81 -156
0.5864205360412598 -81 -156
0.592754602432251 -82 -156
0.5982379913330078 -83 -157
0.6044554710388184 -84 -157
0.6108977794647217 -85 -157
0.6163623332977295 -87 -158
0.6228206157684326 -87 -157
0.6300003528594971 -88 -156
0.6353745460510254 -89 -157
0.6416506767272949 -90 -157
0.6472969055175781 -91 -156
0.6535153388977051 -92 -160
0.6597809791564941 -93 -159
0.6653726100921631 -94 -155
0.6716253757476807 -95 -161
0.6782245635986328 -96 -157
0.6846492290496826 -97 -156
0.6911709308624268 -98 -159
0.6967661380767822 -99 -155
0.7029502391815186 -100 -156
0.7084155082702637 -101 -155
0.7146074771881104 -101 -152
0.7210588455200195 -103 -152
0.7266297340393066 -103 -155
0.7335188388824463 -105 -155
0.7397334575653076 -105 -159
0.7455575466156006 -107 -159
0.7521426677703857 -107 -155
0.7574124336242676 -108 -155
0.7636337280273438 -109 -155
0.770117998123169 -110 -156
0.7755279541015625 -111 -155
0.7829077243804932 -112 -161
0.7883975505828857 -113 -159
0.794581413269043 -114 -159
0.801222562789917 -115 -161
0.8068656921386719 -116 -156
0.8131899833679199 -117 -158
0.8186442852020264 -118 -159
0.824810266494751 -119 -154
0.8322710990905762 -120 -159
0.8375365734100342 -121 -157
0.8437550067901611 -122 -155
0.8502624034881592 -123 -157
0.855642557144165 -124 -154
0.8624846935272217 -126 -154
0.8744375705718994 -127 -155
0.8817663192749023 -128 -154
0.8874409198760986 -129 -159
0.8940556049346924 -130 -156
0.9013097286224365 -131 -156
0.9069492816925049 -132 -157
0.9131989479064941 -133 -153
0.9186744689941406 -134 -157
0.9251196384429932 -135 -158
0.9325475692749023 -136 -156
0.9380483627319336 -137 -162
0.9444661140441895 -137 -159
0.9509496688842773 -139 -157
0.9564509391784668 -140 -160
0.9627907276153564 -141 -156
0.96828293800354 -142 -158
0.9744873046875 -143 -162
0.9810972213745117 -143 -154
0.987415075302124 -145 -159
0.993614673614502 -145 -157
1.0000989437103271 -147 -154
