0.0062868595123291016 0 0
0.012036323547363281 0 2
0.018930435180664062 1 6
0.024140357971191406 1 13
0.030730247497558594 3 17
0.03799080848693848 4 54
0.04357790946960449 5 74
0.04974555969238281 7 204
0.05521512031555176 9 273
0.061385393142700195 11 325
0.0678400993347168 14 352
0.07341432571411133 17 393
0.0797567367553711 19 421
0.08732914924621582 22 476
0.10111331939697266 29 498
0.10775089263916016 33 519
0.11337161064147949 37 540
0.11979198455810547 40 555
0.1252443790435791 44 575
0.13156938552856445 49 591
0.1393444538116455 51 603
0.14484810829162598 56 611
0.15116572380065918 59 620
0.15761995315551758 64 631
0.16320514678955078 68 641
0.16939473152160645 71 652
0.1749129295349121 76 663
0.18108725547790527 80 667
0.188323974609375 84 676
0.1939382553100586 88 680
0.20059752464294434 92 691
0.2070612907409668 97 696
0.21224236488342285 101 696
0.21905303001403809 105 703
0.22429585456848145 109 706
0.23071694374084473 113 713
0.23803043365478516 119 715
0.24362564086914062 123 722
0.2498464584350586 128 721
0.2556755542755127 132 724
0.261765718460083 137 724
0.26807498931884766 141 727
0.2736384868621826 145 736
0.27983951568603516 150 737
0.28571367263793945 155 737
0.2926945686340332 160 737
0.29911184310913086 163 741
0.30460143089294434 168 742
0.3107936382293701 172 745
0.3174245357513428 177 746
0.32291650772094727 183 744
0.3291966915130615 186 747
0.3346865177154541 192 751
0.3417541980743408 196 753
0.3482823371887207 201 751
0.3539011478424072 205 752
0.3601338863372803 210 755
0.3663461208343506 215 756
0.37190937995910645 219 757
0.3786802291870117 223 757
0.38397693634033203 229 757
0.3911714553833008 233 754
0.3976128101348877 239 757
0.40314292907714844 243 762
0.40940070152282715 246 760
0.4148383140563965 252 760
0.42101550102233887 255 759
0.42746520042419434 260 759
0.432938814163208 266 766
0.4401066303253174 271 764
0.44635963439941406 275 760
0.4519495964050293 280 759
0.458207368850708 284 763
0.4638638496398926 289 766
0.47008538246154785 293 764
0.47632718086242676 298 762
0.48209547996520996 303 762
0.4883553981781006 312 765
0.5012013912200928 318 765
0.5090498924255371 323 762
0.5142855644226074 329 761
0.5209426879882812 331 763
0.5275535583496094 336 764
0.5331149101257324 342 766
0.5393807888031006 347 762
0.5466971397399902 351 763
0.5521016120910645 356 764
0.5589137077331543 361 765
0.5641534328460693 365 767
0.5706062316894531 370 765
0.5771045684814453 375 761
0.5822911262512207 379 765
0.588930606842041 385 764
0.5951988697052002 390 765
0.6013717651367188 394 761
0.6079926490783691 399 761
0.6136040687561035 403 765
0.6199615001678467 408 767
0.6257829666137695 413 769
0.6315817832946777 417 761
0.638066291809082 422 760
0.6446902751922607 426 759
0.6508996486663818 431 767
0.6574041843414307 435 765
0.662909746170044 441 764
0.6691925525665283 445 760
0.674673318862915 451 763
0.6810457706451416 454 766
0.6875228881835938 460 764
0.6939749717712402 465 762
0.7002019882202148 469 760
0.7066946029663086 474 760
0.712073564529419 478 765
0.7183198928833008 483 764
0.7239358425140381 487 764
0.7301216125488281 492 760
0.7363474369049072 497 763
0.7421581745147705 503 764
0.7495307922363281 507 767
0.7550685405731201 512 766
0.7612378597259521 515 761
0.7677271366119385 521 760
0.7733712196350098 525 762
0.7795653343200684 530 765
0.7850730419158936 535 766
0.791222333908081 539 761
0.7989919185638428 544 761
0.8042685985565186 549 760
0.8107190132141113 553 768
0.8171830177307129 558 762
0.822364330291748 562 761
0.8290035724639893 567 763
0.8342587947845459 571 763
0.840670108795166 576 769
0.8478293418884277 582 761
0.8534502983093262 587 760
0.8597877025604248 591 762
0.8652708530426025 596 762
0.8717076778411865 601 765
0.8780393600463867 605 766
0.8836410045623779 609 764
0.8898470401763916 614 760
0.902829647064209 625 764
0.9093139171600342 628 767
0.9148025512695312 634 763
0.9212884902954102 637 761
0.9279003143310547 643 758
0.9335262775421143 648 765
0.9397373199462891 653 767
0.945237398147583 657 764
0.9523348808288574 661 762
0.9589548110961914 666 761
0.9641854763031006 671 766
0.9706158638000488 675 767
0.9778811931610107 681 766
0.9834997653961182 686 759
0.9897067546844482 691 762
0.9951910972595215 695 764
1.0026991367340088 701 766
