0.010999202728271484 0 0
0.016684293746948242 0 0
0.023183584213256836 0 -2
0.029016733169555664 0 -13
0.0482325553894043 -5 -185
0.06252622604370117 -8 -272
0.07452845573425293 -14 -374
0.08714771270751953 -20 -407
0.10254716873168945 -25 -468
0.1159203052520752 -32 -499
0.12535905838012695 -38 -535
0.14074969291687012 -48 -565
0.15326547622680664 -56 -580
0.1655898094177246 -60 -597
0.1721956729888916 -63 -606
0.17745375633239746 -67 -615
0.18367457389831543 -71 -621
0.19039106369018555 -74 -624
0.19559431076049805 -78 -633
0.2055201530456543 -88 -647
0.22202491760253906 -96 -653
0.23099279403686523 -102 -658
0.23706269264221191 -106 -660
0.24330711364746094 -110 -668
0.2495429515838623 -114 -675
0.2550640106201172 -118 -674
0.2615702152252197 -122 -672
0.2682676315307617 -128 -678
0.27446484565734863 -130 -679
0.2809329032897949 -136 -686
0.2865304946899414 -140 -685
0.29276394844055176 -143 -689
0.29822587966918945 -148 -688
0.3043842315673828 -151 -687
0.3108401298522949 -155 -690
0.3171873092651367 -161 -697
0.3240549564361572 -165 -695
0.3305342197418213 -169 -695
0.3359677791595459 -173 -692
0.3423473834991455 -178 -694
0.3475830554962158 -182 -699
0.35420727729797363 -186 -700
0.360668420791626 -190 -699
0.3660571575164795 -196 -696
0.3732290267944336 -200 -698
0.37908148765563965 -204 -704
0.38527607917785645 -208 -706
0.39158153533935547 -212 -700
0.3971853256225586 -217 -705
0.4033815860748291 -221 -703
0.4096508026123047 -225 -700
0.4152529239654541 -231 -700
0.4226491451263428 -234 -709
0.4281172752380371 -239 -705
0.4343142509460449 -248 -705
0.4475879669189453 -252 -705
0.4541916847229004 -256 -709
0.46080660820007324 -260 -707
0.46631956100463867 -266 -704
0.4735250473022461 -270 -705
0.4799959659576416 -274 -704
0.4855351448059082 -279 -708
0.49219393730163574 -283 -707
0.49745607376098633 -288 -708
0.5040671825408936 -292 -705
0.5105290412902832 -296 -706
0.5159332752227783 -300 -708
0.5229837894439697 -306 -709
0.5284597873687744 -310 -710
0.5346176624298096 -313 -708
0.5411419868469238 -318 -704
0.5467681884765625 -323 -704
0.5529704093933105 -327 -708
0.5584557056427002 -331 -711
0.5647530555725098 -336 -707
0.5723521709442139 -340 -704
0.5776073932647705 -344 -706
0.5840320587158203 -348 -708
0.5904624462127686 -352 -710
0.5956544876098633 -357 -710
0.6022779941558838 -361 -708
0.6075162887573242 -365 -709
0.6140940189361572 -370 -706
0.6207225322723389 -375 -710
0.6271042823791504 -380 -710
0.633296012878418 -384 -709
0.6395168304443359 -388 -708
0.6449196338653564 -392 -708
0.6513516902923584 -396 -706
0.656984806060791 -401 -711
0.663182258605957 -405 -711
0.6690459251403809 -409 -708
0.6759448051452637 -414 -708
0.6825287342071533 -418 -705
0.6879932880401611 -422 -712
0.6942262649536133 -426 -712
0.7007288932800293 -430 -709
0.7062129974365234 -436 -707
0.7125003337860107 -439 -705
0.7176978588104248 -443 -711
0.7250936031341553 -449 -708
0.7314062118530273 -453 -710
0.7369728088378906 -458 -706
0.7433586120605469 -462 -707
0.7496352195739746 -466 -708
0.7552502155303955 -470 -708
0.7615234851837158 -474 -713
0.7671277523040771 -478 -708
0.7743511199951172 -483 -707
0.7809131145477295 -487 -707
0.786379337310791 -493 -706
0.7926714420318604 -496 -711
0.7981419563293457 -502 -711
0.8045005798339844 -504 -708
0.8109779357910156 -510 -710
0.8165750503540039 -514 -705
0.8227789402008057 -518 -711
0.8300373554229736 -523 -708
0.8353970050811768 -531 -708
0.8481259346008301 -537 -707
0.8544564247131348 -540 -706
0.8611733913421631 -546 -709
0.8668158054351807 -550 -708
0.8732450008392334 -554 -710
0.8807933330535889 -558 -708
0.8862524032592773 -564 -707
0.8925576210021973 -566 -707
0.8980708122253418 -572 -710
0.9043419361114502 -575 -708
0.9107913970947266 -579 -708
0.9162428379058838 -585 -709
0.9227228164672852 -589 -709
0.9299237728118896 -594 -712
0.9352941513061523 -598 -711
0.9415791034698486 -602 -708
0.947199821472168 -606 -710
0.9534173011779785 -610 -710
0.9596612453460693 -615 -710
0.9652664661407471 -619 -712
0.9715485572814941 -623 -709
0.978102445602417 -629 -705
0.9844560623168945 -632 -708
0.9909145832061768 -638 -711
0.9964849948883057 -642 -710
1.0028855800628662 -646 -711
