0.005450010299682617 0 0
0.012969493865966797 0 0
0.019663572311401367 0 0
0.02512049674987793 0 2
0.03140449523925781 1 14
0.03784990310668945 2 34
0.043424367904663086 3 17
0.049608707427978516 4 55
0.05508136749267578 5 144
0.06128859519958496 6 180
0.06848549842834473 7 193
0.07412362098693848 10 217
0.08843207359313965 12 232
0.09398818016052246 14 253
0.10456323623657227 17 261
0.11124563217163086 21 282
0.12733674049377441 23 299
0.13857507705688477 28 309
0.1515367031097412 32 320
0.16509366035461426 36 324
0.17938613891601562 40 330
0.19048666954040527 46 337
0.2038402557373047 50 343
0.21745967864990234 53 351
0.22815918922424316 58 350
0.23962926864624023 60 350
0.24511337280273438 63 351
0.2512822151184082 64 351
0.2581033706665039 67 354
0.2636990547180176 70 356
0.2698674201965332 72 356
0.2753562927246094 76 360
0.29132795333862305 80 360
0.30169200897216797 84 360
0.30996155738830566 86 359
0.3165605068206787 88 356
0.32239794731140137 90 360
0.32892847061157227 92 362
0.3342018127441406 96 361
0.34157586097717285 98 362
0.3481740951538086 100 364
0.3537776470184326 102 363
0.35995006561279297 104 364
0.3654060363769531 106 363
0.37157201766967773 108 361
0.3782050609588623 110 360
0.3837757110595703 113 363
0.39098453521728516 115 362
0.39746689796447754 117 365
0.4028642177581787 120 364
0.40926361083984375 122 369
0.41448545455932617 124 365
0.42089200019836426 126 367
0.4273414611816406 128 365
0.4325070381164551 130 360
0.44008493423461914 133 363
0.44595956802368164 135 361
0.45172834396362305 138 361
0.4581787586212158 140 362
0.46385645866394043 142 363
0.4700627326965332 144 363
0.4794764518737793 148 365
0.48937487602233887 152 366
0.4959893226623535 154 365
0.5022528171539307 156 362
0.5089442729949951 158 364
0.5142116546630859 160 363
0.5204265117645264 162 363
0.5268850326538086 164 365
0.5322244167327881 167 365
0.5384855270385742 169 366
0.5450265407562256 172 365
0.5512194633483887 173 366
0.5578446388244629 176 367
0.5633711814880371 178 363
0.5696065425872803 180 366
0.575078010559082 183 365
0.581230640411377 184 362
0.5876622200012207 186 363
0.5940837860107422 189 367
0.6002554893493652 192 364
0.6065375804901123 194 367
0.6123173236846924 196 362
0.6190512180328369 198 368
0.6242587566375732 200 362
0.6304543018341064 202 365
0.6369185447692871 204 367
0.64335036277771 208 363
0.6496098041534424 209 363
0.6551041603088379 212 364
0.6612920761108398 213 359
0.6677613258361816 216 366
0.6732492446899414 218 367
0.6797177791595459 220 366
0.6852071285247803 223 368
0.6913707256317139 225 365
0.6985146999359131 227 362
0.7041168212890625 230 362
0.7103104591369629 232 362
0.7165520191192627 234 364
0.7221519947052002 236 365
0.7284154891967773 238 363
0.7339904308319092 240 369
0.7403573989868164 242 365
0.7478134632110596 246 362
0.753366231918335 248 366
0.7596180438995361 249 363
0.7651104927062988 252 365
0.7712769508361816 254 364
0.7777438163757324 256 363
0.7832212448120117 258 363
0.7895259857177734 260 362
0.796483039855957 263 364
0.8022525310516357 265 367
0.8085474967956543 268 364
0.8141636848449707 270 368
0.820347785949707 272 367
0.8265366554260254 274 365
0.8320589065551758 276 365
0.8383982181549072 278 363
0.8439993858337402 280 365
0.8510227203369141 283 366
0.8576171398162842 285 361
0.8631038665771484 288 365
0.8695838451385498 289 366
0.8750860691070557 294 367
0.8881688117980957 296 364
0.89383864402771 300 365
0.901129961013794 301 366
0.9077243804931641 303 359
0.9132161140441895 306 366
0.919750452041626 308 362
0.9252104759216309 310 364
0.9313468933105469 312 365
0.9384300708770752 315 364
0.9440188407897949 318 366
0.9512279033660889 319 365
0.957655668258667 322 362
0.9631290435791016 324 365
0.9694254398345947 326 362
0.9749481678009033 328 363
0.9813027381896973 330 362
0.9877219200134277 332 363
0.9931769371032715 335 364
1.0004034042358398 338 366
