0.04918384552001953 0 0
0.06229567527770996 0 0
0.06859922409057617 0 7
0.07523417472839355 1 49
0.08083724975585938 2 20
0.08806514739990234 4 197
0.09457778930664062 8 264
0.10714364051818848 11 348
0.11340045928955078 14 392
0.11920523643493652 17 439
0.12601113319396973 20 495
0.13122129440307617 24 522
0.13882684707641602 28 576
0.14519643783569336 32 591
0.1508033275604248 36 623
0.1570119857788086 40 640
0.16286396980285645 44 675
0.1689915657043457 48 693
0.17525339126586914 53 718
0.1808476448059082 58 734
0.1871962547302246 62 750
0.19481682777404785 68 763
0.2004401683807373 73 781
0.206650972366333 78 795
0.21207737922668457 83 806
0.21825933456420898 86 816
0.22471332550048828 93 823
0.23032236099243164 98 837
0.23648548126220703 103 853
0.24373626708984375 108 855
0.2490711212158203 114 862
0.2557852268218994 119 872
0.2611236572265625 124 884
0.2673184871673584 130 887
0.2737853527069092 135 892
0.2791707515716553 140 898
0.28580594062805176 146 901
0.29204750061035156 153 914
0.2982051372528076 157 916
0.30466341972351074 164 916
0.31026577949523926 170 916
0.3166475296020508 175 927
0.32207775115966797 181 929
0.32823824882507324 184 929
0.3346736431121826 192 933
0.3402218818664551 198 937
0.34722256660461426 204 944
0.35367679595947266 209 944
0.3590569496154785 215 945
0.3652820587158203 220 947
0.37085652351379395 226 948
0.37723541259765625 232 948
0.3836688995361328 238 951
0.3890419006347656 245 954
0.396453857421875 249 956
0.40192437171936035 257 957
0.40813374519348145 260 954
0.4145801067352295 266 961
0.420058012008667 274 961
0.42641162872314453 278 958
0.43189001083374023 286 960
0.4382636547088623 290 966
0.4458150863647461 297 968
0.45107555389404297 303 963
0.4574003219604492 309 964
0.4638845920562744 315 970
0.4692361354827881 320 966
0.47582197189331055 326 968
0.4810805320739746 332 970
0.48726511001586914 338 968
0.49491000175476074 346 971
0.5067024230957031 357 972
0.5146222114562988 363 971
0.5202951431274414 371 972
0.5266439914703369 377 971
0.5320963859558105 382 971
0.5384197235107422 388 976
0.54591965675354 394 972
0.5511901378631592 400 969
0.557765007019043 406 978
0.5642421245574951 412 974
0.5694231986999512 418 975
0.5762298107147217 424 971
0.5816850662231445 430 974
0.5878775119781494 435 975
0.5943245887756348 443 976
0.6006789207458496 449 973
0.6068575382232666 455 973
0.6123142242431641 460 979
0.6188201904296875 466 976
0.6251652240753174 472 975
0.6307299137115479 478 978
0.6369626522064209 484 976
0.642819881439209 490 977
0.6499340534210205 498 976
0.6562583446502686 502 977
0.6617565155029297 508 977
0.6679437160491943 514 975
0.6745483875274658 519 976
0.680011510848999 527 978
0.6862847805023193 531 977
0.6917724609375 537 981
0.6988186836242676 545 975
0.705289363861084 550 977
0.7108922004699707 556 980
0.7170724868774414 562 980
0.7233068943023682 568 979
0.7288322448730469 574 977
0.735344409942627 580 978
0.7409777641296387 586 982
0.7482786178588867 592 977
0.7546992301940918 600 980
0.7602653503417969 606 978
0.766467809677124 609 978
0.7719476222991943 617 978
0.7781555652618408 621 977
0.7845957279205322 629 978
0.7902071475982666 635 978
0.7966253757476807 640 979
0.8038930892944336 646 980
0.8092656135559082 652 982
0.8158919811248779 658 980
0.8210947513580322 664 977
0.8272745609283447 670 980
0.8337817192077637 676 978
0.839306116104126 682 982
0.8458902835845947 690 981
0.852147102355957 696 980
0.8584785461425781 702 977
0.8649177551269531 707 978
0.8705158233642578 713 980
0.8766889572143555 719 976
0.8821263313293457 725 977
0.8882861137390137 729 984
0.894787073135376 736 979
0.9066529273986816 748 979
0.9146103858947754 754 979
0.9201998710632324 762 979
0.9266283512115479 768 979
0.9320831298828125 774 979
0.9384169578552246 780 978
0.9449038505554199 786 977
0.9511816501617432 792 978
0.9573915004730225 797 982
0.963860034942627 803 977
0.9693763256072998 809 979
0.9761996269226074 815 979
0.9814333915710449 821 981
0.9880023002624512 827 978
0.995124340057373 834 979
1.0014188289642334 840 981
