0.007658720016479492 0 0
0.01316690444946289 -1 -2
0.019451379776000977 -1 -6
0.02615499496459961 -2 -13
0.03175520896911621 -2 -31
0.03798866271972656 -2 -31
0.043791770935058594 -4 -27
0.04977297782897949 -4 -99
0.056163787841796875 -7 -168
0.07014966011047363 -8 -179
0.07697582244873047 -10 -192
0.08218860626220703 -11 -211
0.08891463279724121 -12 -223
0.09546279907226562 -14 -232
0.10092711448669434 -16 -244
0.10721087455749512 -18 -251
0.11380505561828613 -19 -263
0.11963558197021484 -21 -266
0.12610936164855957 -22 -269
0.1316685676574707 -24 -279
0.1380150318145752 -26 -283
0.14426398277282715 -28 -293
0.15004181861877441 -30 -295
0.15629315376281738 -32 -301
0.16291284561157227 -34 -303
0.16907525062561035 -35 -309
0.17556476593017578 -37 -310
0.18104147911071777 -40 -314
0.1873793601989746 -41 -317
0.19283723831176758 -44 -316
0.1990494728088379 -44 -319
0.20564699172973633 -47 -320
0.21193432807922363 -49 -321
0.21813154220581055 -51 -325
0.22437453269958496 -53 -326
0.22988152503967285 -55 -328
0.23627090454101562 -57 -334
0.24184226989746094 -59 -332
0.24801254272460938 -61 -332
0.2538297176361084 -63 -333
0.25961947441101074 -66 -331
0.26743555068969727 -67 -331
0.272899866104126 -70 -333
0.27904820442199707 -71 -333
0.28549981117248535 -73 -334
0.29100632667541504 -76 -336
0.2972605228424072 -77 -334
0.3027384281158447 -79 -339
0.3089127540588379 -82 -340
0.31610703468322754 -84 -340
0.32173633575439453 -86 -340
0.3280975818634033 -88 -339
0.33432912826538086 -90 -338
0.33981800079345703 -92 -340
0.3461494445800781 -94 -340
0.35175323486328125 -96 -341
0.35793471336364746 -98 -336
0.3654162883758545 -100 -338
0.37078857421875 -103 -341
0.3772246837615967 -104 -341
0.38265180587768555 -107 -343
0.38902974128723145 -108 -343
0.3956432342529297 -111 -342
0.4012422561645508 -113 -340
0.40746331214904785 -114 -343
0.41438889503479004 -117 -337
0.4199845790863037 -120 -340
0.42626452445983887 -122 -340
0.4318504333496094 -124 -340
0.43807268142700195 -126 -341
0.4442863464355469 -128 -340
0.45005035400390625 -130 -345
0.45630669593811035 -134 -343
0.47012877464294434 -136 -341
0.47695255279541016 -138 -342
0.4821741580963135 -140 -338
0.4888167381286621 -142 -338
0.4954259395599365 -144 -339
0.5009300708770752 -148 -339
0.5073869228363037 -149 -340
0.5128521919250488 -152 -340
0.5200202465057373 -154 -344
0.5267453193664551 -156 -343
0.5320346355438232 -158 -344
0.5382120609283447 -160 -344
0.5446772575378418 -162 -340
0.5500411987304688 -164 -340
0.5562834739685059 -166 -338
0.5618932247161865 -168 -339
0.5692343711853027 -170 -341
0.5757007598876953 -172 -340
0.581268310546875 -175 -342
0.5874600410461426 -176 -342
0.5929341316223145 -179 -344
0.5991191864013672 -180 -341
0.6055881977081299 -183 -342
0.6111874580383301 -185 -340
0.6182215213775635 -187 -341
0.6247014999389648 -189 -339
0.63022780418396 -191 -341
0.6367743015289307 -193 -337
0.6420292854309082 -195 -341
0.6482322216033936 -197 -341
0.6547183990478516 -199 -342
0.6602497100830078 -202 -344
0.6675024032592773 -204 -342
0.6730453968048096 -206 -343
0.679234504699707 -208 -342
0.6858270168304443 -210 -343
0.6914558410644531 -212 -340
0.6976203918457031 -214 -340
0.703057050704956 -216 -338
0.7092311382293701 -218 -339
0.7156684398651123 -220 -341
0.7221364974975586 -222 -343
0.7283730506896973 -224 -342
0.7348401546478271 -227 -345
0.7402124404907227 -229 -343
0.7470238208770752 -231 -342
0.7522714138031006 -233 -340
0.7586789131164551 -235 -339
0.7651000022888184 -238 -341
0.7715408802032471 -240 -342
0.7777340412139893 -242 -339
0.7832028865814209 -244 -340
0.7895481586456299 -246 -339
0.7959885597229004 -248 -342
0.8015954494476318 -250 -341
0.8080031871795654 -252 -345
0.8138363361358643 -254 -342
0.8207781314849854 -257 -344
0.8271827697753906 -258 -338
0.8323907852172852 -260 -342
0.8388082981109619 -262 -338
0.8452670574188232 -264 -337
0.8506717681884766 -266 -342
0.8570563793182373 -270 -342
0.8689541816711426 -273 -342
0.8763799667358398 -275 -343
0.8819689750671387 -278 -344
0.8892161846160889 -279 -342
0.8957746028900146 -282 -339
0.9013774394989014 -284 -341
0.9075572490692139 -285 -341
0.9130220413208008 -288 -339
0.9193994998931885 -290 -339
0.9271206855773926 -292 -342
0.9323544502258301 -294 -340
0.9387686252593994 -296 -345
0.945258617401123 -298 -342
0.95064377784729 -300 -343
0.9570295810699463 -302 -343
0.9622766971588135 -304 -340
0.9684178829193115 -307 -342
0.9758756160736084 -309 -340
0.9814376831054688 -311 -341
0.987795352935791 -314 -340
0.9932596683502197 -316 -339
0.9994363784790039 -318 -340
1.005873203277588 -320 -339
