0.005534648895263672 0 0
0.011841773986816406 0 0
0.018642902374267578 0 2
0.02420830726623535 1 14
0.031558990478515625 2 33
0.038040876388549805 3 29
0.04362940788269043 4 155
0.04979848861694336 6 194
0.05522418022155762 8 211
0.06142592430114746 9 252
0.06788039207458496 10 280
0.07333779335021973 13 296
0.08056378364562988 18 337
0.09368300437927246 20 361
0.1000370979309082 23 380
0.10550856590270996 26 397
0.11182928085327148 28 406
0.11843180656433105 30 415
0.12406086921691895 34 432
0.13143181800842285 36 449
0.1380462646484375 40 457
0.14362287521362305 42 460
0.14979052543640137 44 472
0.15526294708251953 48 475
0.16147661209106445 50 481
0.16791272163391113 54 492
0.17360186576843262 57 497
0.18057894706726074 60 502
0.18706130981445312 64 509
0.19242429733276367 66 510
0.1992340087890625 70 517
0.2044517993927002 73 519
0.21065521240234375 76 520
0.2171010971069336 79 525
0.22243046760559082 82 531
0.22981595993041992 86 535
0.2353677749633789 90 535
0.24157094955444336 92 538
0.24800825119018555 96 538
0.2535207271575928 100 539
0.2599296569824219 103 542
0.2654588222503662 106 542
0.27165961265563965 108 549
0.27814626693725586 113 550
0.2845182418823242 116 550
0.29071593284606934 120 549
0.2972118854522705 123 552
0.3025963306427002 126 554
0.3091282844543457 130 560
0.3143932819366455 133 558
0.32074952125549316 136 558
0.3272745609283447 140 554
0.3338625431060791 144 556
0.3400397300720215 147 558
0.3455078601837158 151 555
0.35165882110595703 153 561
0.3581564426422119 158 561
0.36374974250793457 161 563
0.36992835998535156 164 561
0.3754119873046875 168 558
0.3829977512359619 171 558
0.3895747661590576 174 560
0.3950016498565674 178 561
0.4011857509613037 181 565
0.40763139724731445 184 564
0.4130673408508301 188 563
0.41947007179260254 191 560
0.4246940612792969 194 563
0.4311065673828125 199 564
0.4384913444519043 202 563
0.44413185119628906 206 566
0.45033717155456543 209 565
0.45617198944091797 213 563
0.4619786739349365 216 561
0.4684302806854248 220 563
0.47405099868774414 223 564
0.4802415370941162 230 566
0.4940814971923828 234 564
0.5005707740783691 238 564
0.5070140361785889 241 559
0.5125696659088135 244 564
0.5194337368011475 248 566
0.5246999263763428 251 566
0.5311059951782227 256 565
0.5383162498474121 259 567
0.5439343452453613 262 561
0.5501151084899902 266 562
0.555605411529541 269 560
0.5619518756866455 272 565
0.5684490203857422 276 564
0.5740206241607666 279 568
0.580242395401001 282 563
0.5876686573028564 286 561
0.5930831432342529 290 562
0.5995209217071533 293 565
0.6047496795654297 296 565
0.6111981868743896 300 567
0.6178014278411865 303 566
0.6232879161834717 308 563
0.6295557022094727 310 567
0.6361801624298096 314 564
0.6419684886932373 318 563
0.648576021194458 321 565
0.6541588306427002 324 567
0.6603469848632812 328 565
0.6661789417266846 331 565
0.6719789505004883 334 564
0.6785898208618164 338 561
0.6841721534729004 342 563
0.691340446472168 345 561
0.6978418827056885 348 564
0.7033164501190186 352 563
0.7096045017242432 355 568
0.7150673866271973 358 561
0.7212834358215332 362 560
0.7278006076812744 365 559
0.7332878112792969 370 564
0.7403833866119385 373 566
0.7465667724609375 376 568
0.7519774436950684 380 560
0.7584414482116699 383 564
0.7640292644500732 386 558
0.7702219486236572 390 562
0.7756593227386475 393 560
0.7819745540618896 396 563
0.7895400524139404 400 564
0.7949986457824707 404 564
0.8013973236083984 407 564
0.8078498840332031 410 560
0.8133609294891357 414 563
0.8196616172790527 417 566
0.8251464366912842 422 565
0.831343412399292 424 566
0.8378403186798096 428 563
0.8441870212554932 432 561
0.850372314453125 435 562
0.8565521240234375 438 562
0.8623247146606445 442 564
0.8685872554779053 445 566
0.8742101192474365 448 564
0.8804047107696533 452 563
0.8922009468078613 460 564
0.8998763561248779 462 562
0.9053370952606201 466 567
0.9118075370788574 470 565
0.9184861183166504 473 565
0.9241220951080322 477 563
0.9303188323974609 480 563
0.9361844062805176 484 564
0.9432604312896729 488 560
0.9495608806610107 490 566
0.9550631046295166 495 565
0.9618568420410156 498 567
0.968341588973999 502 562
0.9739487171173096 505 563
0.9803204536437988 508 561
0.9861531257629395 512 564
0.993128776550293 516 562
0.9995524883270264 518 569
1.0050115585327148 522 565
