0.006420135498046875 0 0
0.012925148010253906 0 0
0.018365859985351562 0 -3
0.030707359313964844 -2 -14
0.03820323944091797 -4 -171
0.04457402229309082 -6 -197
0.052259206771850586 -8 -277
0.05750560760498047 -10 -294
0.06413125991821289 -12 -367
0.07061052322387695 -15 -397
0.07609891891479492 -19 -442
0.08255720138549805 -21 -478
0.08803343772888184 -25 -500
0.09444022178649902 -28 -525
0.10206222534179688 -32 -573
0.1073143482208252 -36 -588
0.1135246753692627 -40 -619
0.12024950981140137 -44 -643
0.12545371055603027 -48 -664
0.13209247589111328 -52 -681
0.13733315467834473 -56 -695
0.14394664764404297 -61 -707
0.15043878555297852 -67 -730
0.15686249732971191 -71 -744
0.1630725860595703 -76 -752
0.16894865036010742 -80 -766
0.17475271224975586 -85 -776
0.18126773834228516 -90 -785
0.1868877410888672 -95 -796
0.19306635856628418 -100 -798
0.19893360137939453 -104 -808
0.2061781883239746 -111 -813
0.21253442764282227 -114 -824
0.21800923347473145 -121 -831
0.22437000274658203 -124 -835
0.23082756996154785 -131 -838
0.23647427558898926 -136 -846
0.24265813827514648 -140 -851
0.24811840057373047 -147 -856
0.2553365230560303 -152 -856
0.26212072372436523 -157 -860
0.2673954963684082 -162 -866
0.27382731437683105 -168 -871
0.2802848815917969 -173 -871
0.2854912281036377 -178 -871
0.2921571731567383 -184 -877
0.2974081039428711 -188 -880
0.30460596084594727 -196 -883
0.3111307621002197 -201 -884
0.316753625869751 -206 -888
0.3231391906738281 -212 -885
0.3293430805206299 -217 -887
0.33475160598754883 -222 -891
0.341205358505249 -228 -885
0.34680724143981934 -233 -892
0.35322117805480957 -238 -893
0.3607656955718994 -246 -899
0.36637282371520996 -251 -894
0.37258172035217285 -255 -896
0.3780982494354248 -262 -898
0.3844733238220215 -267 -899
0.3909568786621094 -272 -897
0.39655184745788574 -278 -896
0.4027571678161621 -284 -901
0.40999937057495117 -289 -903
0.41537976264953613 -294 -905
0.4219932556152344 -300 -904
0.4334297180175781 -312 -907
0.44142913818359375 -318 -906
0.44706034660339355 -323 -903
0.45345282554626465 -329 -905
0.4609713554382324 -336 -908
0.4666128158569336 -342 -908
0.47283506393432617 -347 -902
0.47832536697387695 -352 -906
0.4846689701080322 -358 -908
0.49115467071533203 -363 -911
0.49680233001708984 -368 -908
0.503171443939209 -374 -909
0.5106201171875 -380 -910
0.5160987377166748 -387 -909
0.522425651550293 -390 -908
0.5279459953308105 -398 -911
0.534111738204956 -402 -910
0.5405995845794678 -407 -912
0.5460760593414307 -414 -907
0.5523831844329834 -418 -907
0.5593719482421875 -425 -911
0.5651679039001465 -430 -913
0.5714523792266846 -436 -910
0.5770766735076904 -442 -910
0.5833215713500977 -447 -909
0.5895333290100098 -452 -914
0.5951297283172607 -458 -910
0.6013870239257812 -464 -909
0.6070106029510498 -471 -913
0.6142668724060059 -474 -911
0.6209261417388916 -482 -912
0.6265273094177246 -487 -909
0.6327147483825684 -492 -909
0.63820481300354 -498 -912
0.6443843841552734 -502 -909
0.6508190631866455 -509 -909
0.6564004421234131 -514 -911
0.6633405685424805 -520 -912
0.669844388961792 -526 -912
0.6752221584320068 -531 -914
0.6820108890533447 -536 -910
0.6872644424438477 -542 -912
0.6935124397277832 -547 -914
0.7000384330749512 -553 -915
0.7054228782653809 -558 -908
0.7128129005432129 -566 -911
0.7182986736297607 -571 -912
0.7245182991027832 -576 -912
0.7309839725494385 -582 -912
0.7365825176239014 -588 -910
0.7429530620574951 -593 -913
0.7484130859375 -598 -915
0.7545938491821289 -604 -910
0.7621407508850098 -609 -910
0.7673988342285156 -615 -912
0.773841142654419 -620 -912
0.7803211212158203 -626 -912
0.7855184078216553 -631 -913
0.792128324508667 -636 -910
0.7973527908325195 -642 -915
0.8039963245391846 -648 -915
0.8104724884033203 -655 -911
0.8169262409210205 -664 -916
0.8433849811553955 -690 -913
0.8589296340942383 -704 -911
0.8741300106048584 -717 -913
0.8927731513977051 -741 -916
0.9170424938201904 -756 -912
0.9294471740722656 -774 -915
0.9504640102386475 -788 -915
0.9664146900177002 -803 -913
0.9895026683807373 -836 -911
1.0351638793945312 -870 -915
