0.007303714752197266 0 0
0.013905048370361328 0 0
0.01947808265686035 -1 -8
0.025985002517700195 -2 -19
0.031851768493652344 -2 -63
0.03786969184875488 -3 -92
0.04417705535888672 -6 -181
0.058171749114990234 -8 -211
0.06488347053527832 -10 -248
0.07015442848205566 -12 -278
0.07651233673095703 -14 -298
0.08345842361450195 -16 -306
0.08889365196228027 -18 -328
0.09527206420898438 -20 -338
0.10049247741699219 -23 -359
0.10756158828735352 -25 -380
0.1140139102935791 -28 -390
0.11965584754943848 -30 -400
0.12584280967712402 -32 -404
0.13133907318115234 -35 -420
0.1377270221710205 -38 -434
0.14432263374328613 -40 -435
0.14991140365600586 -43 -444
0.15701723098754883 -46 -448
0.1634521484375 -49 -456
0.16889166831970215 -52 -461
0.17531752586364746 -54 -472
0.18075013160705566 -57 -475
0.1869800090789795 -60 -476
0.19340157508850098 -63 -483
0.19883513450622559 -66 -486
0.20616507530212402 -70 -485
0.21240234375 -73 -487
0.21790170669555664 -76 -495
0.22426891326904297 -79 -495
0.22985267639160156 -82 -503
0.2360682487487793 -85 -500
0.24189543724060059 -88 -502
0.24768781661987305 -91 -504
0.2541689872741699 -94 -502
0.26075029373168945 -98 -506
0.2671346664428711 -100 -507
0.27358412742614746 -103 -512
0.2790498733520508 -107 -513
0.28537654876708984 -110 -514
0.2908613681793213 -112 -515
0.2970438003540039 -116 -509
0.3035299777984619 -120 -513
0.30997323989868164 -123 -516
0.31615567207336426 -126 -514
0.322385311126709 -129 -518
0.3281364440917969 -132 -518
0.3343808650970459 -135 -518
0.34000182151794434 -138 -518
0.34619641304016113 -142 -516
0.3524608612060547 -144 -518
0.3591752052307129 -149 -522
0.3654911518096924 -151 -523
0.37098050117492676 -155 -525
0.377213716506958 -157 -524
0.38381505012512207 -161 -521
0.3893868923187256 -164 -519
0.39569735527038574 -168 -518
0.4011516571044922 -171 -523
0.40815186500549316 -174 -524
0.41442131996154785 -177 -525
0.4200284481048584 -180 -527
0.42624950408935547 -183 -527
0.4324634075164795 -186 -524
0.43797802925109863 -190 -518
0.4444575309753418 -195 -524
0.45717668533325195 -200 -529
0.46488046646118164 -203 -523
0.4701838493347168 -206 -525
0.4767897129058838 -210 -525
0.4833948612213135 -212 -521
0.4888331890106201 -216 -525
0.49523377418518066 -219 -522
0.5004522800445557 -222 -525
0.5070395469665527 -226 -528
0.5142004489898682 -230 -526
0.5197954177856445 -232 -524
0.5261926651000977 -236 -521
0.5324115753173828 -239 -525
0.5379211902618408 -242 -520
0.5442533493041992 -245 -523
0.5498402118682861 -248 -527
0.556046724319458 -252 -526
0.5635690689086914 -254 -526
0.5690891742706299 -259 -524
0.5753824710845947 -261 -524
0.5808451175689697 -264 -523
0.5870342254638672 -267 -521
0.5934689044952393 -270 -526
0.5989856719970703 -274 -525
0.6053078174591064 -277 -528
0.6119358539581299 -281 -523
0.6177237033843994 -284 -526
0.6243529319763184 -287 -524
0.6299371719360352 -290 -523
0.6361393928527832 -294 -527
0.642340898513794 -296 -527
0.6477270126342773 -300 -523
0.6543498039245605 -303 -527
0.6599297523498535 -307 -525
0.6671037673950195 -309 -521
0.6735525131225586 -312 -522
0.6790497303009033 -316 -524
0.6855220794677734 -318 -525
0.6909949779510498 -323 -528
0.6971650123596191 -325 -528
0.703606128692627 -328 -523
0.7090630531311035 -332 -520
0.7160954475402832 -336 -523
0.7219054698944092 -339 -526
0.7276976108551025 -342 -526
0.7341244220733643 -345 -527
0.739750862121582 -348 -526
0.7461011409759521 -351 -524
0.7522962093353271 -354 -522
0.7577204704284668 -358 -525
0.7651820182800293 -361 -524
0.7704391479492188 -364 -526
0.7768416404724121 -367 -527
0.7834668159484863 -370 -527
0.7888813018798828 -374 -527
0.795262336730957 -376 -525
0.8007845878601074 -381 -524
0.8071384429931641 -383 -522
0.8142697811126709 -387 -523
0.8199076652526855 -390 -526
0.826096773147583 -393 -524
0.8323290348052979 -396 -529
0.8377342224121094 -400 -526
0.8441882133483887 -403 -522
0.8563668727874756 -409 -523
0.8650484085083008 -413 -524
0.8702857494354248 -416 -530
0.8769216537475586 -420 -526
0.8835372924804688 -423 -528
0.8890378475189209 -427 -523
0.8953049182891846 -429 -522
0.9005141258239746 -432 -526
0.9069290161132812 -435 -519
0.9135777950286865 -440 -528
0.9199886322021484 -443 -527
0.9263441562652588 -446 -528
0.9328062534332275 -449 -524
0.9381895065307617 -452 -524
0.944453239440918 -455 -521
0.9500598907470703 -458 -525
0.9562740325927734 -462 -528
0.9624810218811035 -465 -525
0.9692914485931396 -469 -528
0.975508451461792 -471 -526
0.9809868335723877 -475 -522
0.9873325824737549 -477 -523
0.9937620162963867 -482 -520
0.9993557929992676 -485 -526
1.005540132522583 -487 -527
